AC194341.4_FG002	236.31	293.56	232.99
AC209208.3_FG005	20.04	38.61	23.67
AC233870.1_FG006	35.1	68.55	46.76
AC234154.1_FG007	15.8	13.48	15.84
GRMZM2G000710	30.16	52.51	44.53
GRMZM2G002130	14.6	17.11	18.92
GRMZM2G003692	47.65	24.52	51.66
GRMZM2G004140	13.62	26.86	16.58
GRMZM2G005737	51.06	79.74	57.64
GRMZM2G006707	23.08	25.36	31.29
GRMZM2G007486	14.45	17.44	19.16
GRMZM2G007871	33.68	30.5	47.38
GRMZM2G009538	38.18	58.04	27.7
GRMZM2G009593	13.03	16.01	16.08
GRMZM2G009994	15.59	14.67	21.44
GRMZM2G011777	13.03	18.22	14.24
GRMZM2G012416	93.71	114.22	156.45
GRMZM2G013892	15.8	22.81	15.77
GRMZM2G014180	32.56	47.31	46.06
GRMZM2G014793	21.98	23.31	23.46
GRMZM2G016511	93.41	137.73	114.54
GRMZM2G017404	12.59	13.05	13.92
GRMZM2G017835	86.13	103.73	87.86
GRMZM2G018103	180.43	90.27	124.29
GRMZM2G018447	20.38	19.48	20.65
GRMZM2G019050	35.29	47.57	41.53
GRMZM2G019200	27.18	32.35	27.93
GRMZM2G019876	17.46	29.81	12.41
GRMZM2G020653	11.06	13.58	11.85
GRMZM2G021331	132.57	149.32	197.13
GRMZM2G022383	13.03	25.08	17.89
GRMZM2G022921	17.19	21.39	16.34
GRMZM2G023020	26.89	17.46	20.54
GRMZM2G024159	13.12	15.82	12.62
GRMZM2G026043	17.04	15.92	18
GRMZM2G026311	12.46	20.12	12.7
GRMZM2G027282	73.57	120.86	94.91
GRMZM2G027741	57.9	50.75	73.58
GRMZM2G028700	13.56	15.58	15.37
GRMZM2G028945	13.63	31.92	28.92
GRMZM2G029370	20.37	16.3	19.46
GRMZM2G030144	10.47	12.28	16.26
GRMZM2G030902	35.64	59.29	45.49
GRMZM2G032260	16.18	30.55	18.36
GRMZM2G032423	21.38	30.95	18.68
GRMZM2G034083	99.97	71.92	111.65
GRMZM2G034288	12.44	19.94	10.65
GRMZM2G035395	17.47	29.06	22.83
GRMZM2G035899	15.55	20.98	13.72
GRMZM2G036169	16.38	13.32	16.93
GRMZM2G036720	11.66	14.83	14.33
GRMZM2G037104	36.47	58.62	43.14
GRMZM2G037200	14.91	18.76	18.38
GRMZM2G038126	45.8	59.37	48.55
GRMZM2G038401	41.65	57.72	49.96
GRMZM2G040209	47.2	62.44	56.17
GRMZM2G041799	19.39	28.97	19.48
GRMZM2G041878	26.41	30.98	32.57
GRMZM2G044398	29.68	69.66	46.7
GRMZM2G044862	18.68	24.61	18.36
GRMZM2G045818	52.11	87.52	51.54
GRMZM2G046021	22.45	21.81	19.69
GRMZM2G046924	94.94	120.46	119.21
GRMZM2G047214	15.29	23.35	22.37
GRMZM2G048257	13.82	18.14	12.5
GRMZM2G048611	14.02	20.02	14.78
GRMZM2G049091	21.1	18.99	25.51
GRMZM2G049672	44.81	33.86	40.83
GRMZM2G050973	35.3	46.5	29.87
GRMZM2G051622	28.23	39.66	31.63
GRMZM2G052166	26.75	48.1	31.34
GRMZM2G052875	28.64	39.84	37.54
GRMZM2G053610	15.1	18.46	13.82
GRMZM2G055230	78.26	95.6	56.03
GRMZM2G055520	10.97	19.53	13.95
GRMZM2G056501	165.47	139.12	164.02
GRMZM2G056695	16.73	21.22	19.8
GRMZM2G057437	22.17	33.82	26.9
GRMZM2G058105	23.07	27.11	25.66
GRMZM2G058910	49.67	23.62	60.79
GRMZM2G060160	18.81	31.22	21.76
GRMZM2G060564	41.98	25.44	32.46
GRMZM2G060765	18.92	24.84	21.81
GRMZM2G061186	16.46	19.59	22.69
GRMZM2G061620	34.32	47.09	33.73
GRMZM2G062555	44.35	43.25	28.08
GRMZM2G064031	24.58	18.86	29.16
GRMZM2G064336	46.39	71.54	39.75
GRMZM2G064580	24.99	27.3	31.2
GRMZM2G065066	40.31	68.57	45.04
GRMZM2G066440	31.08	38.51	38.4
GRMZM2G067985	250.12	371.52	540.38
GRMZM2G069410	51.26	61.85	55.97
GRMZM2G069816	14.71	18.93	12.8
GRMZM2G070061	27.69	68.02	38.36
GRMZM2G071059	31.55	32.65	24.07
GRMZM2G072690	16.93	21.43	19.59
GRMZM2G074323	15.69	20.15	16.74
GRMZM2G075257	18.97	24.67	16.58
GRMZM2G076827	24.22	38.31	27.43
GRMZM2G077823	18.32	18.74	20.69
GRMZM2G078541	23.31	40.2	29.53
GRMZM2G079226	26.64	14.52	25.3
GRMZM2G080120	12.07	19.29	15.5
GRMZM2G081812	63.86	81.81	68.67
GRMZM2G082322	14.65	24.49	14.42
GRMZM2G083459	49.26	67.08	48.8
GRMZM2G083763	18.89	31.15	17.73
GRMZM2G084406	30.46	27.36	33.22
GRMZM2G084942	24.91	22.66	22.32
GRMZM2G085849	18.63	15.89	18.05
GRMZM2G086887	43.35	57.55	42.39
GRMZM2G087749	14.89	19.24	19.89
GRMZM2G087850	14.54	21.59	19.34
GRMZM2G088834	40.83	43.65	30.42
GRMZM2G089466	38.58	26.85	35.91
GRMZM2G090480	17.69	29.19	12.45
GRMZM2G091151	11.99	25.29	17.32
GRMZM2G092447	113.88	71.86	104.73
GRMZM2G092959	45.15	38.93	44.45
GRMZM2G095194	23.15	33.71	26.68
GRMZM2G095552	25.98	21.84	33.99
GRMZM2G096424	10.08	24.95	21.37
GRMZM2G096764	20	22.26	23.86
GRMZM2G097164	61.81	112.69	60.12
GRMZM2G098208	32.07	62.95	29.81
GRMZM2G098496	82.8	73.99	91.66
GRMZM2G099334	14.76	23.95	10.79
GRMZM2G099630	21.87	26.74	26.49
GRMZM2G100913	44.14	43.2	48.26
GRMZM2G101042	26.53	56.72	34.49
GRMZM2G102021	23.21	49.03	24
GRMZM2G102231	29.2	27.52	27.16
GRMZM2G103287	38.26	27.82	25.84
GRMZM2G103902	11.42	19.67	15.75
GRMZM2G104907	33.38	48.41	32.47
GRMZM2G105398	58.41	71.24	47.43
GRMZM2G106790	10.48	19.23	10.94
GRMZM2G108277	134.27	139.34	126.37
GRMZM2G108355	40.75	43.41	66.06
GRMZM2G108546	15.61	16.88	15.35
GRMZM2G109009	49.75	47.13	50.03
GRMZM2G109651	17.73	27.09	13.59
GRMZM2G109818	21.34	27.47	24.1
GRMZM2G110869	25.54	33.59	22.58
GRMZM2G111204	12.38	23.18	12.6
GRMZM2G111672	16.01	22.75	17.65
GRMZM2G113156	33.29	58.49	37.42
GRMZM2G113596	16.51	16.04	15.17
GRMZM2G113911	11.37	10.09	16.44
GRMZM2G114098	15.26	20.14	16.9
GRMZM2G114172	16.52	25.93	19.99
GRMZM2G114371	50.27	65.97	48.64
GRMZM2G115420	17.14	56.32	21.46
GRMZM2G115670	10.28	15.23	11.65
GRMZM2G116086	40.09	43.28	49.73
GRMZM2G116908	16.54	17.56	16.62
GRMZM2G117935	90.89	111.23	66.61
GRMZM2G118316	33.34	32.55	31.06
GRMZM2G118743	19.49	25.61	18.09
GRMZM2G119627	12.28	12.67	17.68
GRMZM2G120173	17.6	25.77	19.87
GRMZM2G120973	20.76	30.21	22.39
GRMZM2G121790	33.27	42.54	40.92
GRMZM2G122135	65.29	77.9	90.6
GRMZM2G124079	15.5	18.5	12.18
GRMZM2G125596	26.27	26.9	30.38
GRMZM2G125728	34.38	38.68	41.32
GRMZM2G126453	25.75	39.23	45.78
GRMZM2G126860	31.3	35.56	34.65
GRMZM2G128189	14.63	17.37	26.15
GRMZM2G130854	16.22	18.35	21.53
GRMZM2G130905	13.22	18.93	14.37
GRMZM2G131249	41.35	38.88	37.35
GRMZM2G132465	37.79	53.91	37.55
GRMZM2G132633	25.97	27.77	25.15
GRMZM2G132857	11.39	20.51	16.38
GRMZM2G133919	37.69	33.85	49.29
GRMZM2G134227	29.34	39.84	31.89
GRMZM2G135599	13.35	14.22	17.05
GRMZM2G137528	60.59	101.91	98.1
GRMZM2G138178	22.4	27.2	18.2
GRMZM2G138230	13.86	17.94	19.13
GRMZM2G138861	37.1	47.16	44.73
GRMZM2G139419	13.42	16.98	14.09
GRMZM2G139858	14.63	31.24	18.84
GRMZM2G140156	16.37	18.18	17.49
GRMZM2G141596	14.54	24.92	16.54
GRMZM2G142072	23.14	34.28	27.11
GRMZM2G142557	30.07	46.35	35.08
GRMZM2G143854	26.44	21.32	21.25
GRMZM2G145107	11.16	10.65	14.13
GRMZM2G145594	15.22	17.19	15.31
GRMZM2G146111	17.04	33.53	16.75
GRMZM2G146267	13.96	16.08	18.97
GRMZM2G147402	16.87	21.24	20.35
GRMZM2G148213	11.69	15.82	13.01
GRMZM2G148723	18.17	25.89	21.77
GRMZM2G149138	16.28	26.03	17.92
GRMZM2G150262	13.98	22.31	16.03
GRMZM2G150631	14.75	25.59	20.27
GRMZM2G150912	12.84	16.97	12.96
GRMZM2G151195	18.99	13.67	24.41
GRMZM2G151923	81.04	93.47	65.85
GRMZM2G152526	31.31	57.53	43.32
GRMZM2G153792	22.79	27.81	23.28
GRMZM2G155384	44.94	68.37	64.37
GRMZM2G156638	31.69	28.85	28.05
GRMZM2G157316	33.71	30.64	40.84
GRMZM2G157598	15.85	18.03	18.46
GRMZM2G158575	12.29	18.38	16.46
GRMZM2G158918	20.01	52.27	27.26
GRMZM2G159389	31.85	40.57	32.92
GRMZM2G160801	15.2	12.61	18.6
GRMZM2G162079	17.73	19.14	12.41
GRMZM2G162184	11.1	18.99	17.88
GRMZM2G163277	12.67	12.79	12.13
GRMZM2G163726	14.89	10.66	12.89
GRMZM2G163888	32.58	46.72	45.54
GRMZM2G164265	26.49	33.4	33.89
GRMZM2G164418	11.1	11.82	12.72
GRMZM2G164663	55.06	73.7	59.69
GRMZM2G165137	33.25	34.44	26.56
GRMZM2G165418	25.34	25.74	28.26
GRMZM2G165917	111.6	127.62	128.83
GRMZM2G166049	23.1	37.5	26.89
GRMZM2G166646	91.02	45.84	97.2
GRMZM2G167651	15.71	16.49	20.14
GRMZM2G168257	45.63	49.32	37.24
GRMZM2G168913	23.77	44.66	22.94
GRMZM2G169998	10.29	16.55	15.51
GRMZM2G170699	10.13	22.16	11.17
GRMZM2G171488	38.2	54.38	39.68
GRMZM2G173636	23.1	26.56	23.72
GRMZM2G173868	11.84	10.5	14.63
GRMZM2G174170	16.43	15.33	22.21
GRMZM2G174568	22.54	17.88	22.7
GRMZM2G175463	24.82	49.39	24.28
GRMZM2G176881	29.67	29.16	24.88
GRMZM2G177781	56.95	88.24	44.66
GRMZM2G179505	21.8	23	22.48
GRMZM2G180458	20.69	20.14	17.72
GRMZM2G181151	141.18	119.28	153.03
GRMZM2G300944	18.21	23.64	18.45
GRMZM2G316191	10.37	14.67	13.2
GRMZM2G323912	24.3	23.79	28.56
GRMZM2G331032	48.63	42.6	64.22
GRMZM2G335054	44.42	41.54	36.44
GRMZM2G347645	12.62	11.79	15.66
GRMZM2G350628	15.77	18.08	10.98
GRMZM2G363038	15.01	17.65	16.17
GRMZM2G366935	20.7	36.78	26.14
GRMZM2G369912	23.91	20.11	24.45
GRMZM2G376074	25.43	34.65	32.61
GRMZM2G382077	20.39	33.7	19.83
GRMZM2G386851	21.83	25.93	20.57
GRMZM2G397836	20.3	16.38	17.37
GRMZM2G403218	12.02	17.73	11.87
GRMZM2G410393	19.93	33.78	25.09
GRMZM2G412888	30.61	40.72	36.65
GRMZM2G415846	36.6	54.26	39.9
GRMZM2G420121	19.89	22.22	23.09
GRMZM2G421857	170.9	126.71	236.43
GRMZM2G422938	19.4	21.71	19.77
GRMZM2G427337	16.95	22.84	17.51
GRMZM2G433591	17.93	24.35	19.8
GRMZM2G449083	33.51	34.83	34
GRMZM2G451357	13.2	18.28	15.42
GRMZM2G458665	10.56	21.03	13.68
GRMZM2G462639	31.63	43.25	34.64
GRMZM2G464000	29.58	39.51	31.81
GRMZM2G467169	40.09	48.97	48.3
GRMZM2G472693	12.81	16.11	16.76
GRMZM2G478370	15.04	21.09	18.02
GRMZM2G480002	19.6	34.07	24.53
GRMZM2G541193	50.64	48.73	40.47
GRMZM2G552322	24.38	32.14	17.51
GRMZM2G588223	11.12	20.01	15.92
GRMZM5G806309	16.97	22.51	18.27
GRMZM5G810275	63.5	114.93	58.74
GRMZM5G814159	60.04	66.34	35.57
GRMZM5G820781	14.82	18.08	17.6
GRMZM5G824944	72.9	53.11	81.78
GRMZM5G826456	12.11	19.09	12.2
GRMZM5G833477	15.42	14.89	12.31
GRMZM5G838115	15.93	13.66	14.46
GRMZM5G838910	12.36	16.99	13.1
GRMZM5G844195	30.58	35.78	35.12
GRMZM5G851026	12.45	14.95	11.87
GRMZM5G866100	30.94	40.34	40.74
GRMZM5G870572	12.08	12.72	13.4
GRMZM5G872997	15.66	30.61	16.72
GRMZM5G880508	12.91	19.3	15.32
GRMZM5G885628	32.68	27.85	41.49
GRMZM5G899349	58.85	70.02	45.31
AC195340.3_FG002	108.26	103.14	120.66
AC217271.3_FG002	21.36	35.15	18.7
AC233979.1_FG009	21.37	27.69	23.49
GRMZM2G000540	15.61	23.77	18.36
GRMZM2G001334	20.32	23.72	16.09
GRMZM2G002687	43.66	65.34	52.37
GRMZM2G003734	19.08	17.62	21.79
GRMZM2G004619	16.48	29.03	14.62
GRMZM2G005791	11.02	10.8	10.46
GRMZM2G006806	14.49	30.33	14.93
GRMZM2G007854	17.6	17.95	20.1
GRMZM2G009346	22.85	28.77	26.81
GRMZM2G009575	10.48	12.57	10.09
GRMZM2G009655	24.8	30.86	34.16
GRMZM2G010323	24.81	40.28	19.87
GRMZM2G011980	10.69	14.05	11.11
GRMZM2G013890	24.93	31.94	33.37
GRMZM2G014004	23.66	17.19	30.4
GRMZM2G014382	89.07	100.85	83.49
GRMZM2G014805	42.55	56.64	57.67
GRMZM2G016892	32.12	29.09	44.04
GRMZM2G017421	18.15	18.76	20.74
GRMZM2G017941	57.85	23.4	51.94
GRMZM2G018251	12.29	20.97	12.9
GRMZM2G018508	25.79	29.54	36.27
GRMZM2G019084	18.28	31.78	24.82
GRMZM2G019386	33.24	27.84	36.53
GRMZM2G019999	46.74	35.26	81.59
GRMZM2G021110	40.35	34.18	41.89
GRMZM2G022359	12.25	18.21	12.54
GRMZM2G022694	11.94	24.66	16.86
GRMZM2G023008	54.71	63.32	47.83
GRMZM2G023080	24.41	45.64	31.78
GRMZM2G025281	29.07	42.63	24.66
GRMZM2G026180	11.4	14.05	10.64
GRMZM2G027023	12.85	14.47	13.06
GRMZM2G027378	42.03	65.58	99.13
GRMZM2G028190	15.52	18.74	14.01
GRMZM2G028900	23.81	39.45	32.61
GRMZM2G029001	30.23	29.68	29.13
GRMZM2G030125	44	28	32.57
GRMZM2G030805	13.94	18.02	17.7
GRMZM2G032190	14.79	31.3	23.86
GRMZM2G032367	63.95	61.36	79.28
GRMZM2G033876	18.57	17.35	24.1
GRMZM2G034276	14.84	15.54	16.41
GRMZM2G034943	23.67	36.52	19.02
GRMZM2G035785	19.25	21.49	21.47
GRMZM2G035985	36.22	29.95	43.78
GRMZM2G036685	10.25	10.03	12.04
GRMZM2G036765	40.46	60.22	77.49
GRMZM2G037177	118.97	120.86	118.31
GRMZM2G037444	13.35	17.06	12.36
GRMZM2G038375	113.37	144.75	92.58
GRMZM2G039251	57.08	72.58	69.21
GRMZM2G040320	20.47	29.84	22.89
GRMZM2G041842	10.67	14.66	11.57
GRMZM2G043764	24.62	42.18	31.42
GRMZM2G044569	38.33	25.18	32.47
GRMZM2G045503	13.95	25.51	16.19
GRMZM2G045944	29.48	20.78	30.79
GRMZM2G046025	12.04	12.06	11.65
GRMZM2G047204	12.94	18.34	11.07
GRMZM2G048067	28.27	46.21	22.43
GRMZM2G048494	26.77	45.37	36.51
GRMZM2G048703	69.57	107.46	77.88
GRMZM2G049568	10.31	13.54	12.88
GRMZM2G050647	19.45	16.05	23.78
GRMZM2G051458	22.1	41.85	31.6
GRMZM2G052088	129.63	68.25	145.92
GRMZM2G052403	26.11	26.07	40.86
GRMZM2G053261	34.11	28.77	30.36
GRMZM2G054247	12.99	21.8	11.78
GRMZM2G055413	16.4	28.16	15.2
GRMZM2G056145	18.16	20.97	18.67
GRMZM2G056572	73.54	75.72	72.45
GRMZM2G057150	69.23	154.9	67.56
GRMZM2G058039	41.31	41.24	35.05
GRMZM2G058345	16.7	25.31	20.69
GRMZM2G059015	37.95	56.21	46.04
GRMZM2G060213	21.83	20.93	21.3
GRMZM2G060579	12.97	15.17	11.02
GRMZM2G060977	34.46	55.04	37.46
GRMZM2G061446	21.54	27.48	27.59
GRMZM2G061745	54.68	82.17	67.06
GRMZM2G063792	33.53	62.76	35.2
GRMZM2G064328	10.71	16.55	11.38
GRMZM2G064366	39.35	21.52	41.87
GRMZM2G064807	16.96	34.19	19.35
GRMZM2G065292	19.79	18.59	23.38
GRMZM2G067601	163.34	212.11	200.77
GRMZM2G068479	16.3	37	20.51
GRMZM2G069618	16.54	13.3	15.31
GRMZM2G069916	51.67	64.42	62.46
GRMZM2G071010	35.31	105.29	97.29
GRMZM2G072339	10.01	16.03	19.42
GRMZM2G074114	26.71	25.95	25.91
GRMZM2G074479	178.19	147.74	231.97
GRMZM2G075737	21.07	33.65	26.6
GRMZM2G077125	10.85	19.7	14.76
GRMZM2G078283	14.78	14.36	22.39
GRMZM2G078826	47.22	85.97	58.36
GRMZM2G079471	15.68	17.04	17.12
GRMZM2G080722	30.46	33.19	25.7
GRMZM2G082198	37.57	103.44	48.02
GRMZM2G082642	20.85	21.31	21.37
GRMZM2G083518	12.79	14.21	14.91
GRMZM2G084252	10.44	14	10.16
GRMZM2G084863	24.13	33.55	27.65
GRMZM2G085630	25.96	33.97	21.47
GRMZM2G086236	15.24	20.68	25.99
GRMZM2G087105	28.23	41.48	30.81
GRMZM2G087806	11.64	11.48	11.52
GRMZM2G088397	20.79	26.27	18.77
GRMZM2G089406	37.79	45.29	29.01
GRMZM2G089498	19.81	28.24	21.15
GRMZM2G090869	12.67	16.41	12.96
GRMZM2G092112	24.92	27.14	27.62
GRMZM2G092741	24.96	25.31	28.24
GRMZM2G094255	15.93	23.65	14.78
GRMZM2G095392	33.39	50.25	31.15
GRMZM2G096070	24.15	20.03	25.63
GRMZM2G096548	94.78	90.75	83.85
GRMZM2G096877	14.58	26.18	15.35
GRMZM2G097289	20.55	25.37	20.51
GRMZM2G098227	13.91	20.43	16.81
GRMZM2G099130	12.61	13.71	15.68
GRMZM2G099487	16.38	21.03	12.38
GRMZM2G100620	30.85	57.53	29.94
GRMZM2G100946	12.27	19.85	16.3
GRMZM2G101867	29.38	40.1	38.87
GRMZM2G102088	25.62	29.24	31.04
GRMZM2G102745	16.77	13.83	13.23
GRMZM2G103430	62.06	136.53	74.77
GRMZM2G104833	16.04	11.65	15.19
GRMZM2G105019	56.83	109.59	93.66
GRMZM2G106140	11.65	12.23	14.11
GRMZM2G107362	80.68	138.21	89.31
GRMZM2G108309	10.34	10.47	12.89
GRMZM2G108384	12.91	13.52	12.71
GRMZM2G108919	38.77	50.33	40.15
GRMZM2G109268	12.03	11.36	13.21
GRMZM2G109753	24.06	37.74	27.69
GRMZM2G110185	84.78	130.06	124.61
GRMZM2G110983	75.17	83.12	65.17
GRMZM2G111238	21.78	35.81	21.18
GRMZM2G111720	19.57	42.4	35.51
GRMZM2G113592	86.97	129.67	85.48
GRMZM2G113696	266.9	526.64	453.38
GRMZM2G113950	23.02	18.52	25.46
GRMZM2G114107	14.87	16.73	12.23
GRMZM2G114220	25.7	23.33	25.99
GRMZM2G114513	27.57	29.87	31.85
GRMZM2G115456	23.98	29.88	28.79
GRMZM2G115750	180.52	97.01	171.42
GRMZM2G116681	28.27	50.53	49.09
GRMZM2G117388	30.96	33.07	43.95
GRMZM2G118098	14.81	16.28	14.94
GRMZM2G118467	28.73	49.91	44.8
GRMZM2G119546	31.38	44.22	36.67
GRMZM2G119930	49.56	29.38	49.42
GRMZM2G120578	30.46	40.8	35.83
GRMZM2G121452	37.1	60.74	50.44
GRMZM2G122064	10.97	14.99	11.7
GRMZM2G122999	27.64	29.63	24.03
GRMZM2G124288	38.11	54.94	36.96
GRMZM2G125668	44.42	68.5	41.85
GRMZM2G126038	50.79	52.49	55.23
GRMZM2G126665	24.81	38.7	27.37
GRMZM2G127756	28.38	29.54	24.52
GRMZM2G128613	10.34	10.99	14.68
GRMZM2G130889	23.03	24.47	36.94
GRMZM2G131020	38.15	45.02	34.61
GRMZM2G132060	49.39	110.37	70.53
GRMZM2G132468	27.91	36.41	28.18
GRMZM2G132653	10.04	12.16	12.06
GRMZM2G133652	22.28	27.58	26.03
GRMZM2G134027	27.34	21.31	27.6
GRMZM2G135045	14.08	24.12	15.67
GRMZM2G137236	16.21	14.53	18.92
GRMZM2G138077	14.46	18.87	18.88
GRMZM2G138220	70.19	98.38	66.87
GRMZM2G138505	10.51	13.38	15.34
GRMZM2G139038	13.96	21.26	14.52
GRMZM2G139760	16.02	22	15.78
GRMZM2G139977	11.61	15.07	16.66
GRMZM2G140614	37.88	40.45	43.9
GRMZM2G141941	17.31	12.09	14.82
GRMZM2G142443	11.47	17.19	13.09
GRMZM2G142806	26.09	27.51	26.44
GRMZM2G144618	14.39	18.03	13.07
GRMZM2G145112	22.1	24.65	22.76
GRMZM2G145854	48.6	52.7	54.86
GRMZM2G146118	16.36	26.24	16.13
GRMZM2G146697	23.54	22.78	22.4
GRMZM2G147619	11.44	17.38	12.86
GRMZM2G148633	29.03	34.42	31.22
GRMZM2G148913	15.75	21.79	18.18
GRMZM2G149286	12.78	16.9	14.76
GRMZM2G150484	31.48	36.56	33.54
GRMZM2G150838	23.54	17.18	21.7
GRMZM2G151050	22.14	22.07	20.5
GRMZM2G151905	12.16	14.61	12.27
GRMZM2G152111	51.44	109.26	50.16
GRMZM2G153615	32.28	25.75	23.59
GRMZM2G155337	17.79	24.59	19.98
GRMZM2G156251	36.61	28.99	31.96
GRMZM2G156800	13.21	14.9	14.28
GRMZM2G157589	11.03	17.58	10.99
GRMZM2G158062	23.96	32.02	21.68
GRMZM2G158872	23.7	18.03	25.16
GRMZM2G159330	13.69	23.6	16.16
GRMZM2G159720	17.95	25.01	15.11
GRMZM2G161913	19.04	26.18	29.67
GRMZM2G162167	10.78	10.86	13.75
GRMZM2G162353	15.18	27.35	19.9
GRMZM2G163444	28.39	48.29	32.19
GRMZM2G163849	25.86	30.36	22.64
GRMZM2G164185	14.98	15.53	20.37
GRMZM2G164352	92.3	95.49	124.55
GRMZM2G164562	56.17	47.37	70.5
GRMZM2G164916	16.4	14.06	13.39
GRMZM2G165209	16.79	28.77	13.35
GRMZM2G165681	22.74	19.07	31.72
GRMZM2G165926	43.89	61.59	64.62
GRMZM2G166355	32.66	44.1	28.14
GRMZM2G166855	35.07	32.32	40.13
GRMZM2G167836	44.35	40.82	38.45
GRMZM2G168337	24.79	24.19	25.69
GRMZM2G169320	11.47	13.91	11.01
GRMZM2G170313	44.35	45.62	54.53
GRMZM2G171354	26	47.64	35.86
GRMZM2G173354	43.12	38.37	40.29
GRMZM2G173777	15.69	24.14	17.36
GRMZM2G173943	34.52	46.74	33.96
GRMZM2G174335	15.85	16.57	14.01
GRMZM2G174572	22.61	19.97	22.14
GRMZM2G176698	12.65	16.14	17.01
GRMZM2G177273	53.72	66.41	52.13
GRMZM2G178919	16.91	25.42	16.39
GRMZM2G180335	23.57	24.35	27.24
GRMZM2G180691	27.45	35.27	27.91
GRMZM2G181359	93.34	157.1	135.23
GRMZM2G308083	12.96	14.25	11.35
GRMZM2G322186	31.01	45.02	26.74
GRMZM2G324886	51.33	107.52	52.95
GRMZM2G334457	22.24	23.2	30.37
GRMZM2G342386	28.07	31.41	31.32
GRMZM2G350626	12.2	10.53	15.7
GRMZM2G357399	33.75	33.17	53
GRMZM2G363460	40.67	30.71	31.86
GRMZM2G368448	10.62	12.58	14.5
GRMZM2G373175	13.49	18.04	17.85
GRMZM2G377887	22.6	34.74	19.66
GRMZM2G384327	76.94	91.93	87.22
GRMZM2G389233	59.72	59.27	91.9
GRMZM2G400238	11.44	11.63	16.39
GRMZM2G409865	54.36	64.22	49.63
GRMZM2G412234	10.36	10.07	14.26
GRMZM2G412899	54.53	26.51	52.19
GRMZM2G416019	25.06	28.43	22.49
GRMZM2G421829	29.99	30.12	27.45
GRMZM2G422651	51.34	77.23	46.31
GRMZM2G425377	24.87	32.76	34.17
GRMZM2G429241	10.86	11.81	11.19
GRMZM2G436835	31.98	35.81	50.21
GRMZM2G449355	23.94	39.57	19.06
GRMZM2G457201	10.45	18.37	12.46
GRMZM2G459063	30.85	25	16.48
GRMZM2G463032	13.09	15.52	14.03
GRMZM2G466270	16.22	19.58	14.71
GRMZM2G470740	30.43	41.69	27.44
GRMZM2G474658	28.57	46.13	30.35
GRMZM2G479744	41.19	37.1	47.82
GRMZM2G480809	13.11	16.74	14.6
GRMZM2G550865	46.76	66.05	61.17
GRMZM2G558539	62.47	43.82	64.16
GRMZM2G703303	24.7	28.35	22.7
GRMZM5G808775	48.93	68.61	55.24
GRMZM5G812921	13.7	20.74	17.02
GRMZM5G817439	10.49	21.78	16.04
GRMZM5G821988	41.17	57.64	67.84
GRMZM5G825524	24.18	22.36	36.54
GRMZM5G827171	26.45	35.23	26.75
GRMZM5G836167	19.07	21.75	15.78
GRMZM5G838403	11.61	18.79	14.66
GRMZM5G839512	23.1	33.43	29.86
GRMZM5G845755	38.59	56.28	40.32
GRMZM5G864266	19.01	19.84	21.98
GRMZM5G868683	11.11	12.01	10.26
GRMZM5G871572	14.35	17.8	17.49
GRMZM5G873194	18.83	17.71	14.27
GRMZM5G881605	18.06	18.29	17.9
GRMZM5G895064	35	57.96	37.87
